
==================== SOLUÇÃO EXATA DO 2-TSP PARA N = 100 ====================

Rota 0: [0, 30, 55, 74, 39, 65, 2, 12, 5, 34, 77, 15, 90, 59, 51, 7, 40, 47, 91, 72, 63, 33, 38, 16, 35, 19, 48, 41, 50, 95, 98, 87, 22, 99, 64, 10, 3, 21, 18, 97, 17, 6, 4, 53, 27, 96, 1, 37, 93, 81, 79, 43, 76, 44, 71, 75, 88, 28, 45, 23, 56, 42, 20, 57, 9, 46, 94, 61, 29, 62, 26, 84, 25, 58, 82, 36, 11, 54, 89, 69, 86, 49, 13, 32, 8, 52, 31, 78, 60, 66, 68, 24, 80, 92, 83, 14, 85, 73, 70, 67]
Rota 1: [0, 73, 67, 68, 70, 24, 66, 78, 3, 31, 21, 52, 18, 8, 97, 32, 17, 13, 6, 49, 4, 86, 10, 60, 64, 22, 98, 99, 87, 95, 19, 50, 48, 35, 91, 33, 16, 61, 62, 9, 20, 23, 43, 36, 25, 26, 58, 84, 82, 11, 89, 79, 54, 69, 53, 81, 27, 1, 93, 96, 37, 76, 75, 44, 88, 71, 28, 56, 45, 42, 57, 46, 29, 94, 38, 63, 7, 72, 40, 51, 47, 15, 59, 77, 90, 34, 2, 5, 41, 12, 65, 80, 39, 92, 74, 83, 55, 14, 30, 85]
Custo: 19.184257563064065

Melhor limitante inferior encontrado: 19.184257563064065
Tempo de execução: 75.9738826751709s

==================== SOLUÇÃO EXATA DO 2-TSP PARA N = 150 ====================

Rota 0: [0, 68, 123, 45, 79, 87, 96, 67, 35, 91, 84, 75, 56, 130, 89, 133, 12, 24, 90, 25, 71, 112, 13, 148, 102, 131, 28, 76, 60, 38, 110, 124, 107, 33, 88, 82, 116, 54, 44, 40, 99, 80, 62, 46, 48, 14, 50, 18, 4, 37, 141, 10, 32, 3, 23, 36, 103, 30, 120, 104, 146, 128, 20, 125, 73, 93, 57, 86, 118, 5, 98, 77, 140, 106, 122, 17, 66, 27, 15, 129, 97, 19, 149, 95, 101, 72, 81, 111, 69, 85, 8, 59, 53, 52, 6, 58, 21, 136, 63, 7, 138, 132, 29, 94, 127, 83, 144, 108, 70, 9, 145, 147, 109, 34, 137, 26, 65, 74, 143, 41, 135, 134, 64, 119, 142, 55, 47, 100, 113, 115, 43, 121, 22, 16, 92, 126, 61, 39, 11, 42, 1, 51, 105, 114, 117, 2, 78, 31, 49, 139]
Rota 1: [0, 91, 67, 84, 35, 56, 89, 75, 92, 49, 126, 39, 100, 11, 113, 47, 115, 121, 16, 61, 22, 43, 131, 148, 112, 102, 71, 13, 12, 25, 24, 133, 130, 90, 33, 82, 54, 80, 46, 40, 62, 99, 44, 116, 88, 107, 14, 124, 50, 48, 18, 10, 4, 141, 32, 36, 3, 110, 23, 60, 28, 38, 76, 149, 101, 19, 30, 104, 103, 146, 20, 37, 128, 125, 57, 73, 15, 66, 77, 122, 140, 17, 106, 98, 118, 93, 86, 5, 27, 129, 120, 97, 41, 95, 72, 119, 81, 142, 69, 55, 111, 64, 135, 143, 65, 137, 74, 34, 145, 109, 26, 147, 94, 144, 29, 127, 132, 63, 138, 136, 7, 83, 108, 9, 134, 70, 59, 85, 53, 8, 58, 52, 21, 6, 42, 51, 117, 105, 1, 31, 2, 114, 78, 139, 68, 79, 123, 87, 45, 96]
Custo: 23.19514450422742

Melhor limitante inferior encontrado: 23.19376265596493
Tempo de execução: 321.9339790344238s

==================== SOLUÇÃO EXATA DO 2-TSP PARA N = 200 ====================

Rota 0: [0, 33, 100, 65, 21, 95, 164, 153, 103, 181, 119, 17, 22, 12, 156, 154, 113, 55, 63, 184, 82, 89, 28, 76, 148, 67, 195, 96, 116, 129, 32, 133, 138, 118, 45, 79, 185, 199, 61, 85, 29, 84, 60, 170, 48, 150, 64, 152, 20, 59, 56, 180, 25, 110, 102, 97, 42, 94, 193, 47, 81, 13, 35, 108, 5, 51, 177, 86, 73, 52, 62, 105, 186, 27, 197, 34, 57, 44, 176, 161, 80, 149, 125, 87, 68, 131, 114, 137, 31, 106, 14, 74, 160, 41, 11, 120, 166, 46, 158, 75, 140, 123, 30, 10, 165, 18, 93, 70, 39, 77, 40, 130, 157, 2, 144, 146, 127, 191, 91, 128, 179, 162, 1, 107, 111, 43, 122, 36, 115, 54, 172, 178, 112, 155, 121, 99, 23, 101, 135, 72, 151, 104, 38, 49, 6, 26, 188, 171, 167, 198, 66, 194, 9, 163, 182, 139, 142, 53, 145, 16, 134, 78, 8, 141, 168, 3, 175, 92, 189, 90, 71, 83, 50, 126, 192, 124, 37, 173, 147, 174, 132, 159, 190, 7, 136, 4, 24, 117, 169, 19, 69, 98, 183, 109, 196, 15, 88, 143, 187, 58]
Rota 1: [0, 63, 154, 55, 184, 113, 156, 21, 12, 164, 22, 153, 17, 103, 119, 15, 181, 100, 95, 65, 33, 58, 88, 196, 143, 109, 98, 19, 183, 69, 169, 24, 28, 4, 7, 67, 76, 89, 148, 195, 190, 136, 159, 174, 173, 132, 147, 96, 50, 124, 126, 37, 192, 78, 141, 134, 175, 8, 3, 92, 168, 83, 189, 71, 116, 90, 129, 138, 47, 13, 193, 81, 133, 118, 32, 45, 145, 79, 53, 16, 142, 163, 139, 9, 198, 194, 167, 188, 6, 104, 49, 151, 135, 23, 72, 38, 101, 26, 171, 66, 112, 121, 178, 155, 99, 115, 122, 111, 1, 128, 162, 91, 127, 165, 93, 146, 2, 70, 144, 157, 42, 110, 97, 25, 102, 180, 48, 64, 170, 59, 152, 56, 20, 84, 85, 199, 182, 185, 61, 29, 60, 172, 150, 54, 36, 43, 107, 179, 106, 74, 137, 14, 31, 160, 140, 158, 123, 75, 10, 191, 30, 18, 46, 11, 166, 41, 120, 114, 87, 131, 125, 68, 149, 161, 44, 80, 176, 57, 62, 34, 186, 197, 105, 27, 52, 39, 73, 77, 86, 51, 40, 177, 5, 130, 108, 94, 35, 82, 117, 187]
Custo: 27.26571635418723

Melhor limitante inferior encontrado: 27.049113579203926
Tempo de execução: 1800.0910453796387s

==================== SOLUÇÃO EXATA DO 2-TSP PARA N = 250 ====================

Rota 0: [0, 4, 144, 83, 203, 165, 179, 243, 182, 96, 15, 221, 27, 62, 38, 123, 184, 40, 238, 213, 100, 158, 59, 58, 12, 166, 24, 23, 194, 117, 222, 79, 198, 223, 205, 113, 163, 204, 6, 94, 192, 157, 151, 50, 145, 134, 42, 181, 80, 209, 2, 60, 28, 199, 73, 196, 18, 8, 52, 108, 106, 245, 132, 172, 72, 210, 76, 22, 188, 107, 227, 206, 234, 77, 173, 10, 149, 208, 9, 126, 118, 162, 180, 55, 112, 232, 110, 186, 70, 57, 159, 200, 211, 138, 231, 7, 31, 155, 63, 20, 98, 32, 207, 11, 235, 161, 48, 86, 193, 49, 247, 37, 109, 26, 225, 128, 91, 47, 133, 228, 71, 29, 202, 131, 69, 171, 189, 30, 14, 125, 25, 46, 174, 92, 244, 95, 185, 139, 78, 124, 41, 168, 217, 152, 53, 142, 215, 104, 103, 241, 121, 120, 143, 122, 226, 66, 183, 236, 130, 65, 64, 82, 136, 39, 153, 242, 84, 17, 140, 44, 21, 116, 54, 19, 45, 216, 148, 177, 115, 187, 5, 195, 164, 169, 154, 219, 119, 61, 89, 3, 156, 230, 127, 34, 16, 249, 67, 224, 240, 190, 167, 239, 87, 176, 160, 191, 218, 13, 129, 81, 85, 233, 146, 75, 68, 93, 101, 99, 220, 201, 56, 102, 1, 178, 170, 147, 35, 237, 74, 229, 105, 36, 248, 212, 114, 135, 43, 214, 88, 137, 150, 51, 141, 111, 175, 33, 90, 197, 246, 97]
Rota 1: [0, 38, 97, 185, 40, 123, 186, 159, 211, 231, 110, 100, 70, 200, 57, 238, 184, 213, 158, 157, 50, 59, 192, 134, 181, 28, 209, 199, 2, 80, 18, 52, 73, 8, 196, 108, 72, 106, 172, 210, 132, 76, 245, 22, 107, 206, 118, 234, 162, 227, 188, 42, 145, 112, 151, 55, 77, 180, 232, 7, 126, 208, 173, 149, 9, 10, 98, 63, 86, 20, 155, 138, 31, 32, 225, 109, 247, 193, 37, 49, 26, 207, 235, 48, 11, 91, 133, 128, 47, 14, 46, 125, 71, 174, 25, 228, 30, 69, 189, 244, 161, 95, 171, 92, 29, 131, 78, 53, 139, 246, 90, 215, 197, 142, 152, 41, 202, 124, 168, 236, 226, 39, 64, 136, 65, 82, 130, 183, 217, 66, 116, 104, 21, 140, 84, 153, 122, 242, 141, 43, 88, 150, 83, 179, 203, 96, 243, 221, 105, 212, 36, 114, 214, 135, 137, 182, 15, 27, 4, 62, 12, 94, 60, 58, 166, 6, 248, 237, 23, 204, 194, 163, 178, 113, 79, 223, 117, 205, 198, 222, 24, 74, 35, 229, 220, 101, 201, 99, 147, 102, 170, 1, 56, 93, 233, 75, 156, 191, 176, 239, 190, 224, 195, 115, 5, 177, 187, 164, 154, 119, 169, 89, 34, 3, 127, 16, 230, 146, 81, 68, 13, 85, 129, 218, 167, 240, 249, 87, 160, 67, 61, 219, 216, 120, 45, 148, 19, 241, 143, 121, 103, 17, 44, 54, 111, 51, 175, 165, 33, 144]
Custo: 33.66577042906145

Melhor limitante inferior encontrado: 28.768961855112487
Tempo de execução: 1800.6890983581543s

==================== SOLUÇÃO EXATA DO 2-TSP PARA N = 300 ====================

Rota 0: [0, 61, 208, 286, 19, 296, 255, 20, 242, 291, 55, 130, 184, 93, 288, 225, 52, 105, 168, 14, 157, 199, 212, 197, 250, 59, 150, 195, 35, 127, 262, 241, 187, 49, 103, 116, 90, 131, 10, 67, 132, 274, 224, 17, 287, 98, 44, 223, 200, 218, 171, 148, 151, 279, 38, 94, 140, 37, 78, 115, 82, 51, 149, 190, 124, 79, 8, 24, 210, 251, 87, 32, 120, 191, 99, 285, 118, 203, 209, 142, 213, 154, 76, 68, 245, 9, 11, 89, 172, 29, 41, 165, 48, 18, 108, 215, 284, 30, 232, 237, 144, 12, 158, 42, 62, 63, 282, 198, 180, 271, 272, 3, 23, 43, 273, 227, 146, 57, 133, 95, 259, 1, 71, 163, 236, 60, 280, 104, 101, 7, 85, 281, 214, 258, 211, 196, 217, 135, 243, 106, 175, 64, 293, 252, 84, 86, 139, 248, 275, 45, 283, 72, 141, 114, 70, 110, 66, 53, 277, 247, 264, 47, 88, 121, 202, 246, 145, 249, 74, 123, 231, 128, 36, 222, 176, 170, 181, 260, 254, 25, 235, 39, 153, 201, 268, 6, 257, 21, 239, 206, 233, 69, 107, 169, 179, 188, 155, 138, 15, 220, 299, 27, 111, 46, 294, 192, 156, 2, 226, 278, 193, 267, 229, 253, 297, 266, 270, 81, 134, 162, 205, 230, 56, 40, 113, 298, 126, 77, 73, 177, 186, 244, 228, 16, 183, 234, 83, 136, 263, 147, 174, 194, 102, 26, 240, 33, 256, 143, 152, 5, 178, 182, 167, 80, 161, 204, 289, 265, 137, 207, 58, 221, 295, 96, 129, 119, 109, 125, 100, 238, 31, 173, 22, 290, 92, 292, 185, 54, 189, 117, 112, 65, 219, 34, 13, 50, 28, 91, 4, 160, 216, 166, 269, 276, 122, 261, 159, 75, 97, 164]
Rota 1: [0, 34, 65, 50, 91, 160, 289, 216, 261, 276, 166, 122, 147, 102, 134, 270, 240, 81, 266, 193, 229, 297, 267, 253, 33, 26, 269, 256, 152, 178, 143, 5, 182, 80, 204, 167, 161, 207, 221, 137, 58, 96, 119, 295, 129, 125, 238, 173, 117, 31, 290, 28, 100, 22, 109, 265, 4, 13, 219, 54, 292, 59, 185, 92, 189, 112, 199, 14, 131, 157, 212, 90, 197, 150, 35, 250, 127, 195, 118, 262, 285, 120, 287, 224, 132, 242, 67, 274, 103, 187, 10, 116, 49, 241, 184, 55, 93, 286, 288, 105, 225, 168, 52, 291, 130, 20, 66, 296, 110, 19, 70, 264, 114, 247, 141, 277, 72, 45, 121, 283, 248, 202, 139, 275, 86, 88, 252, 47, 53, 255, 94, 218, 44, 148, 200, 124, 11, 24, 251, 8, 68, 154, 203, 99, 209, 245, 142, 9, 213, 76, 210, 87, 191, 32, 17, 98, 223, 171, 151, 38, 140, 279, 78, 82, 41, 51, 29, 149, 89, 190, 79, 172, 115, 37, 60, 3, 232, 236, 30, 165, 284, 48, 108, 144, 18, 215, 237, 12, 63, 158, 62, 272, 42, 198, 271, 282, 180, 128, 123, 57, 231, 101, 280, 23, 71, 133, 163, 1, 95, 145, 74, 246, 249, 259, 104, 7, 281, 43, 146, 273, 214, 227, 176, 36, 170, 222, 181, 25, 260, 235, 135, 39, 243, 217, 258, 196, 85, 211, 64, 84, 293, 175, 153, 106, 268, 257, 299, 155, 206, 69, 179, 107, 188, 169, 233, 239, 254, 21, 201, 6, 73, 126, 177, 77, 228, 56, 205, 27, 220, 111, 15, 46, 138, 192, 278, 2, 294, 156, 226, 162, 230, 40, 16, 244, 298, 186, 113, 183, 83, 194, 234, 136, 174, 263, 159, 97, 208, 164, 61, 75]
Custo: 35.135526021361166

Melhor limitante inferior encontrado: 30.53942341104799
Tempo de execução: 1802.864055633545s