
==================== SOLUÇÃO RELAXADA DO 2-TSP PARA N = 100 ====================

Melhor limitante inferior encontrado:
Rota 0: [0, 67, 73, 70, 24, 68, 66, 78, 3, 31, 21, 52, 8, 18, 97, 32, 13, 17, 6, 49, 4, 53, 79, 81, 27, 1, 96, 93, 37, 76, 44, 71, 88, 75, 43, 23, 56, 28, 45, 42, 20, 57, 9, 46, 94, 61, 29, 62, 25, 84, 26, 58, 82, 36, 11, 89, 54, 69, 86, 10, 60, 64, 87, 22, 99, 98, 95, 19, 50, 48, 35, 16, 33, 38, 63, 7, 40, 72, 91, 47, 51, 15, 59, 90, 77, 34, 5, 41, 12, 2, 65, 39, 80, 92, 74, 83, 14, 55, 30, 85]
Rota 1: [0, 67, 73, 70, 24, 68, 66, 78, 3, 31, 21, 52, 8, 18, 97, 32, 13, 17, 6, 4, 49, 86, 10, 60, 64, 87, 22, 99, 98, 95, 19, 50, 48, 35, 16, 61, 29, 62, 25, 84, 26, 58, 82, 36, 11, 89, 54, 69, 53, 79, 81, 27, 1, 96, 93, 37, 76, 44, 71, 88, 75, 43, 23, 56, 28, 45, 42, 20, 57, 9, 46, 94, 38, 33, 63, 7, 40, 72, 91, 47, 51, 15, 59, 90, 77, 34, 5, 41, 12, 2, 65, 39, 80, 92, 74, 83, 14, 55, 30, 85]
Custo: 18.040792448164307

Melhor limitante superior encontrado:
Rota 0: [0, 67, 70, 68, 66, 24, 80, 98, 87, 95, 99, 22, 64, 10, 60, 78, 3, 21, 31, 52, 18, 8, 97, 17, 32, 13, 6, 49, 86, 4, 69, 54, 89, 11, 82, 58, 26, 84, 25, 36, 43, 79, 53, 27, 1, 96, 93, 37, 81, 76, 75, 44, 88, 71, 28, 56, 45, 42, 23, 9, 20, 57, 94, 46, 62, 29, 61, 16, 33, 38, 63, 72, 7, 40, 51, 59, 77, 90, 15, 47, 91, 35, 48, 19, 50, 41, 12, 5, 34, 2, 65, 39, 92, 83, 74, 55, 14, 30, 85, 73]
Rota 1: [0, 85, 67, 73, 70, 66, 10, 86, 69, 89, 79, 36, 81, 93, 1, 37, 96, 27, 43, 25, 26, 82, 84, 58, 11, 54, 53, 76, 44, 71, 75, 88, 28, 45, 23, 20, 42, 56, 9, 57, 46, 29, 94, 62, 61, 33, 63, 16, 38, 72, 40, 91, 48, 50, 35, 19, 41, 5, 77, 15, 51, 7, 47, 59, 90, 34, 12, 2, 14, 74, 92, 55, 83, 39, 98, 99, 87, 22, 95, 64, 49, 4, 6, 17, 13, 18, 97, 32, 8, 52, 21, 78, 31, 3, 60, 24, 68, 80, 65, 30]
Custo: 21.13150179076412

Tempo de execução: 1800.0054309368134s

==================== SOLUÇÃO RELAXADA DO 2-TSP PARA N = 150 ====================

Melhor limitante inferior encontrado:
Rota 0: [0, 91, 35, 56, 89, 130, 133, 13, 148, 131, 102, 112, 71, 25, 12, 24, 90, 33, 124, 107, 88, 82, 116, 54, 80, 40, 44, 99, 62, 46, 50, 14, 48, 18, 10, 4, 141, 32, 3, 36, 23, 110, 38, 28, 60, 76, 149, 101, 72, 95, 19, 30, 104, 103, 146, 128, 37, 20, 125, 73, 57, 93, 86, 118, 5, 98, 140, 106, 122, 17, 77, 66, 27, 15, 129, 120, 97, 41, 143, 65, 74, 137, 26, 109, 34, 145, 147, 94, 132, 127, 29, 144, 83, 7, 63, 138, 136, 21, 52, 58, 6, 85, 8, 53, 59, 70, 108, 9, 134, 135, 64, 119, 81, 142, 111, 69, 55, 113, 47, 115, 43, 121, 16, 22, 61, 126, 39, 100, 11, 42, 1, 114, 105, 51, 117, 2, 78, 31, 49, 92, 75, 84, 67, 96, 45, 87, 123, 79, 68, 139]
Rota 1: [0, 91, 84, 75, 92, 49, 31, 78, 2, 117, 51, 105, 114, 1, 42, 11, 100, 39, 126, 61, 22, 16, 121, 43, 115, 47, 113, 55, 69, 111, 142, 72, 81, 119, 64, 135, 134, 9, 108, 70, 59, 53, 8, 85, 6, 58, 52, 21, 136, 138, 63, 7, 83, 144, 29, 127, 132, 94, 147, 145, 34, 109, 26, 137, 74, 65, 143, 41, 97, 120, 129, 15, 27, 66, 77, 17, 122, 106, 140, 98, 5, 118, 86, 93, 57, 73, 125, 20, 37, 128, 146, 103, 104, 30, 19, 95, 101, 149, 76, 60, 28, 38, 110, 23, 36, 3, 32, 141, 4, 10, 18, 48, 14, 50, 46, 62, 99, 44, 40, 80, 54, 116, 82, 88, 107, 124, 33, 90, 24, 12, 25, 71, 112, 102, 131, 148, 13, 133, 130, 89, 56, 35, 67, 96, 45, 87, 123, 79, 68, 139]
Custo: 20.772006970453948

Melhor limitante superior encontrado:
Rota 0: [0, 49, 92, 75, 84, 35, 89, 56, 130, 133, 12, 13, 148, 131, 102, 112, 71, 25, 24, 90, 33, 124, 107, 88, 82, 116, 54, 44, 99, 40, 62, 80, 46, 50, 14, 48, 18, 10, 4, 141, 32, 37, 20, 128, 146, 125, 73, 57, 93, 86, 118, 5, 98, 77, 140, 122, 106, 17, 66, 27, 15, 129, 120, 97, 19, 30, 104, 103, 36, 3, 23, 110, 38, 28, 60, 76, 149, 101, 95, 72, 81, 119, 142, 111, 64, 41, 135, 134, 70, 9, 108, 145, 109, 34, 143, 74, 65, 137, 26, 147, 94, 29, 132, 127, 144, 83, 7, 63, 138, 136, 21, 52, 58, 6, 53, 59, 8, 85, 69, 55, 113, 47, 115, 43, 121, 16, 22, 61, 126, 39, 100, 11, 42, 1, 51, 105, 117, 114, 31, 2, 78, 139, 68, 79, 123, 87, 45, 96, 67, 91]
Rota 1: [0, 96, 87, 79, 45, 123, 68, 78, 31, 139, 2, 114, 105, 1, 117, 51, 42, 100, 113, 115, 101, 72, 142, 81, 111, 119, 64, 135, 74, 26, 34, 137, 109, 65, 147, 29, 144, 9, 134, 41, 143, 145, 70, 108, 83, 138, 7, 132, 94, 127, 63, 136, 58, 21, 92, 130, 90, 3, 103, 30, 120, 19, 104, 129, 97, 15, 86, 57, 118, 98, 66, 122, 17, 140, 106, 77, 5, 27, 93, 73, 146, 20, 125, 128, 37, 4, 32, 10, 141, 18, 14, 124, 88, 116, 80, 99, 62, 44, 40, 54, 82, 46, 48, 50, 107, 33, 36, 23, 38, 60, 110, 28, 76, 95, 149, 43, 102, 148, 71, 12, 24, 133, 25, 13, 112, 131, 121, 22, 126, 16, 61, 39, 11, 55, 47, 69, 59, 85, 53, 8, 6, 52, 49, 91, 35, 56, 75, 89, 84, 67]
Custo: 26.081849524947806

Tempo de execução: 1800.098557472229s

==================== SOLUÇÃO RELAXADA DO 2-TSP PARA N = 200 ====================

Melhor limitante inferior encontrado:
Rota 0: [0, 63, 154, 55, 113, 184, 82, 35, 108, 5, 177, 51, 86, 73, 77, 40, 130, 157, 144, 70, 39, 52, 27, 197, 186, 105, 62, 34, 57, 44, 176, 80, 161, 149, 68, 125, 131, 87, 114, 41, 120, 166, 11, 46, 123, 158, 75, 140, 160, 137, 74, 14, 31, 106, 179, 107, 111, 1, 162, 128, 91, 191, 10, 30, 18, 93, 165, 127, 146, 2, 110, 102, 25, 97, 42, 94, 81, 193, 13, 47, 129, 138, 133, 118, 32, 45, 145, 79, 182, 199, 185, 61, 85, 29, 84, 59, 20, 152, 56, 180, 48, 64, 170, 60, 172, 150, 54, 36, 43, 122, 115, 99, 155, 121, 178, 112, 104, 6, 49, 151, 38, 72, 135, 23, 101, 26, 188, 171, 167, 198, 66, 194, 9, 163, 139, 142, 53, 16, 134, 141, 78, 8, 168, 3, 175, 92, 189, 90, 116, 71, 83, 50, 126, 124, 192, 37, 173, 132, 174, 147, 96, 195, 148, 89, 76, 67, 190, 7, 159, 136, 4, 28, 24, 117, 169, 69, 19, 183, 98, 109, 143, 196, 88, 15, 119, 103, 181, 17, 153, 22, 164, 12, 156, 21, 65, 95, 100, 33, 58, 187]
Rota 1: [0, 63, 154, 55, 113, 184, 82, 35, 108, 5, 177, 51, 86, 73, 77, 40, 130, 157, 144, 70, 39, 52, 27, 197, 186, 105, 62, 34, 57, 44, 176, 80, 161, 149, 68, 125, 131, 87, 114, 41, 120, 166, 11, 46, 123, 158, 75, 140, 160, 137, 74, 14, 31, 106, 179, 107, 111, 1, 162, 128, 91, 191, 10, 30, 18, 93, 165, 127, 146, 2, 110, 102, 25, 97, 42, 94, 81, 193, 13, 47, 129, 138, 133, 118, 32, 45, 145, 79, 182, 199, 185, 61, 85, 29, 84, 59, 20, 152, 56, 180, 48, 64, 170, 60, 172, 150, 54, 36, 43, 122, 115, 99, 155, 121, 178, 112, 104, 6, 49, 151, 38, 72, 135, 23, 101, 26, 188, 171, 167, 198, 66, 194, 9, 163, 139, 142, 53, 16, 134, 141, 78, 8, 168, 3, 175, 92, 189, 90, 116, 71, 83, 50, 126, 124, 192, 37, 173, 132, 174, 147, 96, 195, 148, 89, 76, 67, 190, 7, 159, 136, 4, 28, 24, 117, 169, 69, 19, 183, 98, 109, 143, 196, 88, 15, 119, 103, 181, 17, 153, 22, 164, 12, 156, 21, 65, 95, 100, 33, 58, 187]
Custo: 23.646586873341104

Melhor limitante superior encontrado:
Rota 0: [0, 58, 33, 65, 95, 100, 181, 88, 15, 119, 103, 17, 153, 22, 164, 12, 21, 156, 154, 113, 55, 63, 184, 82, 35, 108, 5, 177, 51, 86, 73, 77, 40, 130, 157, 144, 2, 146, 70, 39, 52, 27, 105, 197, 186, 62, 34, 57, 44, 176, 80, 161, 149, 68, 125, 131, 87, 114, 137, 74, 14, 31, 106, 160, 41, 120, 166, 11, 46, 123, 158, 140, 75, 191, 10, 30, 18, 93, 165, 127, 91, 162, 128, 179, 107, 1, 111, 43, 122, 36, 115, 54, 150, 48, 64, 170, 60, 172, 178, 112, 121, 155, 99, 23, 135, 101, 38, 72, 151, 49, 104, 6, 26, 188, 171, 167, 198, 66, 194, 9, 163, 139, 182, 199, 185, 61, 85, 29, 84, 59, 20, 152, 56, 180, 25, 102, 97, 110, 42, 94, 81, 193, 13, 47, 129, 138, 133, 118, 32, 45, 145, 79, 53, 142, 16, 134, 141, 78, 83, 168, 8, 175, 3, 92, 189, 71, 90, 116, 50, 126, 124, 192, 37, 173, 132, 174, 147, 96, 195, 190, 159, 136, 7, 4, 28, 67, 148, 76, 89, 24, 117, 169, 69, 19, 183, 98, 109, 143, 196, 187]
Rota 1: [0, 117, 89, 148, 28, 76, 67, 4, 136, 190, 7, 159, 195, 147, 132, 96, 174, 173, 124, 37, 126, 192, 50, 71, 116, 139, 142, 79, 16, 141, 83, 134, 78, 168, 3, 8, 92, 175, 189, 90, 163, 194, 198, 9, 66, 167, 188, 135, 38, 151, 104, 72, 49, 6, 171, 26, 101, 23, 121, 99, 112, 155, 178, 54, 36, 43, 115, 122, 111, 107, 128, 91, 179, 1, 162, 127, 10, 93, 30, 39, 62, 105, 186, 27, 197, 52, 34, 176, 161, 44, 80, 57, 149, 125, 120, 11, 41, 137, 87, 74, 31, 48, 170, 29, 61, 199, 85, 185, 182, 53, 145, 32, 133, 45, 118, 138, 47, 193, 129, 13, 81, 35, 94, 82, 63, 113, 184, 55, 154, 5, 130, 144, 146, 157, 2, 70, 18, 165, 191, 158, 75, 123, 140, 46, 166, 68, 131, 114, 160, 14, 106, 150, 172, 64, 60, 84, 20, 56, 59, 152, 180, 97, 25, 110, 102, 42, 108, 40, 73, 51, 77, 86, 177, 156, 58, 95, 33, 100, 65, 181, 103, 15, 196, 109, 19, 98, 69, 183, 169, 24, 187, 143, 88, 119, 17, 22, 12, 153, 164, 21]
Custo: 30.410481678073314

Tempo de execução: 1800.0188496112823s

==================== SOLUÇÃO RELAXADA DO 2-TSP PARA N = 250 ====================

Melhor limitante inferior encontrado:
Rota 0: [0, 4, 62, 12, 94, 58, 6, 166, 248, 229, 74, 35, 237, 24, 23, 204, 194, 163, 113, 117, 205, 223, 198, 79, 222, 73, 196, 18, 52, 8, 108, 72, 172, 106, 132, 210, 245, 76, 22, 188, 107, 227, 206, 234, 162, 118, 77, 180, 55, 232, 112, 145, 42, 134, 181, 80, 28, 209, 199, 2, 60, 192, 59, 157, 50, 151, 110, 7, 126, 173, 9, 208, 149, 10, 98, 20, 63, 86, 247, 193, 37, 49, 26, 109, 207, 32, 155, 138, 31, 231, 211, 161, 235, 48, 11, 225, 128, 47, 133, 91, 30, 14, 228, 25, 46, 125, 71, 174, 29, 131, 78, 139, 69, 171, 92, 189, 244, 95, 185, 40, 238, 70, 57, 200, 159, 186, 100, 158, 213, 184, 123, 38, 97, 33, 246, 90, 215, 197, 142, 53, 202, 124, 41, 152, 217, 168, 236, 130, 65, 136, 82, 64, 183, 66, 226, 122, 39, 153, 242, 103, 143, 121, 241, 17, 84, 140, 44, 54, 116, 21, 104, 111, 175, 51, 141, 19, 120, 45, 216, 148, 219, 61, 119, 154, 177, 115, 187, 5, 195, 164, 169, 89, 34, 16, 230, 156, 127, 3, 249, 67, 224, 190, 239, 167, 240, 87, 176, 160, 191, 13, 218, 129, 81, 85, 68, 75, 233, 146, 93, 56, 170, 1, 178, 147, 102, 99, 101, 201, 220, 105, 36, 212, 114, 135, 214, 43, 88, 150, 137, 182, 221, 27, 15, 243, 96, 203, 83, 179, 165, 144]
Rota 1: [0, 4, 62, 12, 94, 58, 6, 166, 248, 229, 74, 35, 237, 24, 23, 204, 194, 163, 113, 117, 205, 223, 198, 79, 222, 73, 196, 18, 52, 8, 108, 72, 172, 106, 132, 210, 245, 76, 22, 188, 107, 227, 206, 234, 162, 118, 77, 180, 55, 232, 112, 145, 42, 134, 181, 80, 28, 209, 199, 2, 60, 192, 59, 157, 50, 151, 110, 7, 126, 173, 9, 208, 149, 10, 98, 20, 63, 86, 247, 193, 37, 49, 26, 109, 207, 32, 155, 138, 31, 231, 211, 161, 235, 48, 11, 225, 128, 47, 133, 91, 30, 14, 228, 25, 46, 125, 71, 174, 29, 131, 78, 139, 69, 171, 92, 189, 244, 95, 185, 40, 238, 70, 57, 200, 159, 186, 100, 158, 213, 184, 123, 38, 97, 33, 246, 90, 215, 197, 142, 53, 202, 124, 41, 152, 217, 168, 236, 130, 65, 136, 82, 64, 183, 66, 226, 122, 39, 153, 242, 103, 143, 121, 241, 17, 84, 140, 44, 54, 116, 21, 104, 111, 175, 51, 141, 19, 120, 45, 216, 148, 219, 61, 119, 154, 177, 115, 187, 5, 195, 164, 169, 89, 34, 16, 230, 156, 127, 3, 249, 67, 224, 190, 239, 167, 240, 87, 176, 160, 191, 13, 218, 129, 81, 85, 68, 75, 233, 146, 93, 56, 170, 1, 178, 147, 102, 99, 101, 201, 220, 105, 36, 212, 114, 135, 214, 43, 88, 150, 137, 182, 221, 27, 15, 243, 96, 203, 83, 179, 165, 144]
Custo: 24.387873236707442

Melhor limitante superior encontrado:
Rota 0: [0, 4, 62, 12, 94, 58, 6, 166, 248, 229, 74, 35, 237, 24, 23, 204, 194, 163, 113, 117, 205, 223, 198, 79, 222, 73, 196, 18, 52, 8, 108, 72, 172, 106, 132, 210, 245, 76, 22, 188, 107, 227, 206, 234, 162, 118, 77, 180, 55, 232, 112, 145, 42, 134, 181, 80, 28, 209, 199, 2, 60, 192, 59, 157, 50, 151, 110, 7, 126, 173, 9, 208, 149, 10, 98, 20, 63, 86, 247, 193, 37, 49, 26, 109, 207, 32, 155, 138, 31, 231, 211, 161, 235, 48, 11, 225, 128, 47, 133, 91, 30, 14, 228, 25, 46, 125, 71, 174, 29, 131, 78, 139, 69, 171, 92, 189, 244, 95, 185, 40, 238, 70, 57, 200, 159, 186, 100, 158, 213, 184, 123, 38, 97, 33, 246, 90, 215, 197, 142, 53, 202, 124, 41, 152, 217, 168, 236, 130, 65, 136, 82, 64, 183, 66, 226, 122, 39, 153, 242, 103, 143, 121, 241, 17, 84, 140, 44, 54, 116, 21, 104, 111, 175, 51, 141, 19, 120, 45, 216, 148, 219, 61, 119, 154, 177, 115, 187, 5, 195, 164, 169, 89, 34, 16, 230, 156, 127, 3, 249, 67, 224, 190, 239, 167, 240, 87, 176, 160, 191, 13, 218, 129, 81, 85, 68, 75, 233, 146, 93, 56, 170, 1, 178, 147, 102, 99, 101, 201, 220, 105, 36, 212, 114, 135, 214, 43, 88, 150, 137, 182, 221, 27, 15, 243, 96, 203, 83, 179, 165, 144]
Rota 1: [0, 62, 38, 4, 144, 83, 165, 203, 179, 96, 15, 221, 243, 27, 182, 150, 43, 137, 88, 214, 239, 178, 170, 102, 93, 129, 13, 81, 68, 233, 85, 75, 146, 218, 191, 87, 160, 224, 167, 1, 147, 56, 99, 201, 74, 237, 79, 223, 117, 198, 205, 113, 194, 23, 163, 204, 24, 222, 108, 18, 8, 196, 52, 73, 22, 245, 106, 210, 172, 132, 72, 76, 188, 227, 234, 107, 206, 162, 77, 55, 118, 180, 232, 151, 59, 50, 192, 157, 60, 209, 2, 28, 199, 80, 42, 181, 145, 134, 112, 110, 31, 155, 63, 98, 86, 207, 26, 193, 49, 126, 9, 149, 173, 208, 10, 20, 32, 109, 247, 37, 7, 138, 231, 159, 70, 158, 186, 57, 100, 213, 238, 200, 211, 48, 161, 244, 171, 189, 69, 92, 139, 142, 215, 246, 197, 90, 33, 185, 184, 40, 123, 12, 58, 166, 94, 6, 248, 35, 229, 101, 220, 212, 105, 114, 36, 135, 190, 240, 176, 67, 3, 16, 156, 249, 127, 34, 230, 89, 61, 154, 164, 5, 115, 195, 187, 177, 169, 219, 119, 148, 45, 121, 120, 216, 143, 17, 242, 39, 140, 51, 111, 116, 104, 54, 21, 44, 141, 175, 19, 241, 103, 84, 122, 153, 226, 183, 130, 82, 168, 41, 202, 152, 236, 66, 64, 65, 131, 174, 78, 53, 124, 217, 136, 29, 71, 46, 228, 30, 25, 125, 14, 91, 128, 133, 225, 47, 11, 235, 95, 97]
Custo: 34.55880486895029

Tempo de execução: 1800.0091502666473s

==================== SOLUÇÃO RELAXADA DO 2-TSP PARA N = 300 ====================

Melhor limitante inferior encontrado:
Rota 0: [0, 61, 164, 208, 286, 93, 288, 184, 55, 130, 291, 225, 105, 52, 168, 14, 131, 10, 187, 103, 241, 49, 116, 90, 212, 157, 199, 219, 65, 34, 13, 50, 28, 91, 4, 160, 265, 137, 207, 58, 221, 129, 295, 119, 96, 109, 125, 100, 22, 238, 173, 290, 31, 117, 112, 189, 54, 92, 292, 185, 59, 197, 250, 150, 195, 127, 35, 262, 285, 118, 203, 209, 210, 245, 142, 9, 154, 76, 213, 68, 8, 24, 251, 87, 99, 120, 191, 32, 17, 287, 98, 224, 274, 242, 67, 132, 20, 66, 255, 53, 296, 110, 19, 70, 114, 264, 247, 277, 141, 72, 283, 121, 47, 88, 252, 84, 86, 45, 275, 248, 139, 202, 246, 74, 145, 249, 37, 115, 78, 279, 38, 140, 94, 151, 171, 218, 148, 44, 223, 200, 124, 11, 79, 190, 149, 89, 172, 29, 51, 82, 41, 165, 48, 284, 30, 236, 232, 60, 133, 163, 259, 95, 104, 1, 71, 280, 23, 3, 237, 215, 108, 18, 144, 12, 158, 63, 272, 62, 42, 198, 282, 271, 180, 123, 231, 128, 36, 170, 176, 222, 181, 260, 25, 235, 39, 135, 243, 217, 258, 214, 227, 273, 146, 43, 57, 101, 7, 85, 281, 196, 211, 64, 293, 175, 106, 153, 201, 268, 6, 257, 21, 239, 254, 233, 69, 179, 107, 169, 188, 206, 155, 299, 220, 27, 111, 46, 15, 138, 294, 192, 156, 2, 278, 226, 134, 162, 205, 230, 56, 40, 228, 77, 73, 126, 177, 298, 186, 113, 244, 16, 183, 83, 234, 194, 136, 263, 174, 147, 102, 26, 240, 270, 81, 266, 193, 297, 253, 229, 267, 33, 143, 178, 152, 5, 182, 167, 80, 161, 204, 289, 256, 269, 166, 276, 216, 261, 122, 159, 97, 75]
Rota 1: [0, 61, 164, 208, 286, 93, 288, 184, 55, 130, 291, 225, 105, 52, 168, 14, 131, 10, 187, 103, 241, 49, 116, 90, 212, 157, 199, 219, 65, 34, 13, 50, 28, 91, 4, 160, 265, 137, 207, 58, 221, 129, 295, 119, 96, 109, 125, 100, 22, 238, 173, 290, 31, 117, 112, 189, 54, 92, 292, 185, 59, 197, 250, 150, 195, 127, 35, 262, 285, 118, 203, 209, 210, 245, 142, 9, 154, 76, 213, 68, 8, 24, 251, 87, 99, 120, 191, 32, 17, 287, 98, 224, 274, 242, 67, 132, 20, 66, 255, 53, 296, 110, 19, 70, 114, 264, 247, 277, 141, 72, 283, 121, 47, 88, 252, 84, 86, 45, 275, 248, 139, 202, 246, 74, 145, 249, 37, 115, 78, 279, 38, 140, 94, 151, 171, 218, 148, 44, 223, 200, 124, 11, 79, 190, 149, 89, 172, 29, 51, 82, 41, 165, 48, 284, 30, 236, 232, 60, 133, 163, 259, 95, 104, 1, 71, 280, 23, 3, 237, 215, 108, 18, 144, 12, 158, 63, 272, 62, 42, 198, 282, 271, 180, 123, 231, 128, 36, 170, 176, 222, 181, 260, 25, 235, 39, 135, 243, 217, 258, 214, 227, 273, 146, 43, 57, 101, 7, 85, 281, 196, 211, 64, 293, 175, 106, 153, 201, 268, 6, 257, 21, 239, 254, 233, 69, 179, 107, 169, 188, 206, 155, 299, 220, 27, 111, 46, 15, 138, 294, 192, 156, 2, 278, 226, 134, 162, 205, 230, 56, 40, 228, 77, 73, 126, 177, 298, 186, 113, 244, 16, 183, 83, 234, 194, 136, 263, 174, 147, 102, 26, 240, 270, 81, 266, 193, 297, 253, 229, 267, 33, 143, 178, 152, 5, 182, 167, 80, 161, 204, 289, 256, 269, 166, 276, 216, 261, 122, 159, 97, 75]
Custo: 25.14732342072461

Melhor limitante superior encontrado:
Rota 0: [0, 61, 164, 208, 286, 93, 288, 184, 55, 130, 291, 225, 105, 52, 168, 14, 131, 10, 187, 103, 241, 49, 116, 90, 212, 157, 199, 219, 65, 34, 13, 50, 28, 91, 4, 160, 265, 137, 207, 58, 221, 129, 295, 119, 96, 109, 125, 100, 22, 238, 173, 290, 31, 117, 112, 189, 54, 92, 292, 185, 59, 197, 250, 150, 195, 127, 35, 262, 285, 118, 203, 209, 210, 245, 142, 9, 154, 76, 213, 68, 8, 24, 251, 87, 99, 120, 191, 32, 17, 287, 98, 224, 274, 242, 67, 132, 20, 66, 255, 53, 296, 110, 19, 70, 114, 264, 247, 277, 141, 72, 283, 121, 47, 88, 252, 84, 86, 45, 275, 248, 139, 202, 246, 74, 145, 249, 37, 115, 78, 279, 38, 140, 94, 151, 171, 218, 148, 44, 223, 200, 124, 11, 79, 190, 149, 89, 172, 29, 51, 82, 41, 165, 48, 284, 30, 236, 232, 60, 133, 163, 259, 95, 104, 1, 71, 280, 23, 3, 237, 215, 108, 18, 144, 12, 158, 63, 272, 62, 42, 198, 282, 271, 180, 123, 231, 128, 36, 170, 176, 222, 181, 260, 25, 235, 39, 135, 243, 217, 258, 214, 227, 273, 146, 43, 57, 101, 7, 85, 281, 196, 211, 64, 293, 175, 106, 153, 201, 268, 6, 257, 21, 239, 254, 233, 69, 179, 107, 169, 188, 206, 155, 299, 220, 27, 111, 46, 15, 138, 294, 192, 156, 2, 278, 226, 134, 162, 205, 230, 56, 40, 228, 77, 73, 126, 177, 298, 186, 113, 244, 16, 183, 83, 234, 194, 136, 263, 174, 147, 102, 26, 240, 270, 81, 266, 193, 297, 253, 229, 267, 33, 143, 178, 152, 5, 182, 167, 80, 161, 204, 289, 256, 269, 166, 276, 216, 261, 122, 159, 97, 75]
Rota 1: [0, 97, 61, 75, 164, 286, 197, 185, 92, 189, 292, 54, 112, 290, 117, 13, 219, 34, 199, 65, 157, 116, 212, 131, 187, 241, 10, 103, 49, 90, 14, 105, 168, 225, 52, 291, 184, 130, 288, 55, 93, 208, 59, 250, 127, 150, 35, 195, 262, 203, 285, 99, 191, 87, 24, 245, 9, 213, 154, 58, 137, 204, 167, 161, 256, 102, 226, 2, 192, 278, 156, 294, 46, 138, 111, 15, 27, 299, 206, 220, 155, 188, 107, 69, 169, 179, 233, 239, 257, 268, 21, 254, 6, 201, 106, 293, 153, 175, 64, 84, 47, 252, 275, 139, 45, 121, 88, 248, 202, 145, 246, 249, 74, 37, 82, 29, 41, 284, 165, 108, 144, 3, 60, 71, 163, 104, 259, 236, 23, 232, 280, 133, 1, 95, 30, 48, 215, 18, 237, 12, 272, 158, 62, 63, 42, 282, 180, 198, 271, 123, 43, 231, 57, 128, 214, 273, 258, 243, 39, 217, 135, 235, 260, 222, 170, 181, 25, 176, 36, 227, 146, 101, 85, 196, 7, 281, 211, 86, 283, 141, 247, 114, 277, 72, 264, 70, 110, 255, 296, 19, 66, 53, 20, 242, 132, 274, 67, 224, 17, 98, 44, 218, 151, 148, 171, 94, 38, 78, 140, 279, 115, 51, 172, 190, 89, 124, 79, 149, 200, 11, 223, 287, 32, 120, 118, 209, 142, 210, 8, 251, 68, 76, 207, 221, 119, 129, 96, 295, 109, 100, 238, 125, 22, 173, 31, 50, 91, 160, 28, 4, 265, 289, 80, 182, 178, 5, 143, 152, 33, 253, 267, 297, 229, 193, 270, 266, 240, 81, 26, 269, 216, 166, 261, 276, 122, 174, 136, 234, 113, 16, 40, 205, 56, 77, 126, 298, 73, 177, 186, 83, 194, 183, 244, 228, 162, 230, 134, 147, 263, 159]
Custo: 36.01609046356957

Tempo de execução: 1800.0182728767395s
